#! /bin/bash -l
### Set name.
#SBATCH --job-name=bachelor-v1-02-start
### Redirect stdout and stderr.
#SBATCH --output=slurm.log
#SBATCH --error=slurm.err
### Let later steps append their logs to the output and error files.
#SBATCH --open-mode=append
### Set partition.
#SBATCH --partition=infai_2
### Set quality-of-service group.
#SBATCH --qos=normal
### Set memory limit.
#SBATCH --mem-per-cpu=3872M
### Number of tasks.
#SBATCH --array=1-4638
### Adjustment to priority ([-2147483645, 2147483645]).
#SBATCH --nice=5000
### Send mail? Mail type can be e.g. NONE, END, FAIL, ARRAY_TASKS.
#SBATCH --mail-type=END,FAIL,REQUEUE,STAGE_OUT
#SBATCH --mail-user=daniel.weissen@stud.unibas.ch
### Extra options.
## (not used)



# Set a soft memory limit to guard against the cgroup mechanism failing (see SlurmEnvironment docs).
ulimit -Sv 3885629


declare -a SHUFFLED_TASK_IDS=(392 3853 548 3394 3650 2924 1486 2986 4042 2160 3028 976 4135 4484 3509 2425 3245 4393 590 2829 2774 308 4049 3038 912 2670 2324 2563 4563 2019 2939 3678 1773 2804 4315 3645 3482 588 1429 175 34 4359 3340 2700 188 2518 3692 1496 2521 448 1835 3363 1694 3067 3335 4551 1466 2437 3905 3624 57 2791 4493 2059 1580 3302 2276 3518 661 526 51 822 2306 2213 2494 3700 546 4202 4203 2071 2093 3009 427 3444 1547 3744 3790 2264 3651 357 2450 1674 1419 2329 4432 2982 3140 1825 463 3698 2288 3485 4139 2382 4296 2512 3985 4194 4004 1881 3243 1207 1716 2680 4457 1902 581 3630 574 3027 763 1015 3089 1700 1042 509 4251 2348 4235 534 975 2764 1507 318 2153 2182 2351 3501 4345 3984 1118 2452 4486 1529 1227 182 794 744 1121 949 1224 3856 1241 3275 1738 729 3803 1770 4158 3786 1837 3313 460 3308 17 4588 220 13 1300 3958 3652 774 4416 2644 3076 2581 3147 943 2499 1922 2004 1795 1461 1005 2734 274 56 2668 2356 2 2118 144 3721 1315 2621 1059 990 4581 1401 2185 155 3014 1098 4241 3507 903 1977 1581 200 4545 4346 1631 3490 3387 287 4546 4043 1888 790 1151 2009 1768 282 2686 3002 515 4623 4142 2409 2649 3583 3150 1629 2337 1000 4299 637 1414 793 1666 795 2391 4437 3066 2826 115 1687 1739 163 1080 2431 3144 4370 4283 1127 3675 3046 3913 977 2846 1322 4162 2241 68 1265 122 3914 1659 2296 4449 1924 3255 4134 2338 2397 1824 3616 3447 2368 1175 1329 3292 639 939 719 3723 1625 3816 3511 2937 1134 127 1943 3796 3825 1852 3603 2294 597 1054 4182 2094 1205 696 928 30 4105 2723 3673 1102 2298 4166 150 885 3676 3353 1328 4063 1971 1095 4344 4339 3669 3331 1100 1962 867 1011 321 804 2187 21 2135 2035 1347 709 2263 1020 1245 2238 3233 1877 3265 775 1989 3279 3260 4615 873 2467 1441 535 1698 4587 1139 529 1398 3574 181 3437 2493 3699 2157 249 1774 3104 1699 510 353 4016 4124 2487 4601 3013 121 2819 747 2422 3807 3193 907 913 2957 2231 1610 3681 525 213 2008 1266 1787 2234 328 3333 2069 2062 1758 3974 736 1148 3101 3397 2132 3739 3747 1422 467 2127 3602 706 671 2394 687 1689 2239 1427 2628 1012 1404 2722 3972 1585 3937 246 4017 3039 3542 2919 3967 3131 3775 387 2313 3436 2131 3631 270 3841 365 4586 386 2916 2667 1198 3115 4612 3155 1979 1460 2363 92 4409 1938 4549 1903 1809 2034 2395 1854 4570 563 2388 1653 4446 162 4597 461 862 1319 20 403 864 1941 309 3483 3710 4215 3105 3870 2508 3764 1530 2750 1955 1137 327 611 2663 1418 2146 1183 898 2838 106 192 221 3065 4425 2195 816 4293 3897 438 2414 2050 1827 4036 1986 4107 1751 1673 3152 2049 1257 3857 7 2866 2061 3740 1815 166 1912 3256 3621 720 936 2385 3835 2887 2666 3815 4076 830 1408 4334 2892 567 3287 2749 2275 3773 3326 1393 3701 4206 2235 3052 628 317 1539 4464 664 4032 4603 1641 2679 722 1879 3633 4030 4205 4528 2082 2572 1892 2406 3551 1594 666 2028 2811 2869 629 670 4065 477 713 3020 4556 1368 3237 2717 2279 69 1144 2915 331 728 4524 4308 3662 3801 981 2366 1255 740 1776 3847 2823 4250 1327 3923 3552 4006 3250 401 1355 4238 267 384 1191 3820 2876 3354 3981 4028 3778 1636 1087 83 1075 1306 1984 3665 2720 1950 496 2458 4325 4420 4400 3800 4351 345 2684 1491 4522 1244 707 285 63 1526 3122 272 900 1177 3156 3297 3391 2992 2410 776 4611 1292 2575 4343 4108 2124 3587 1089 3680 917 128 2701 4333 760 2943 3329 398 2419 3862 3854 3836 113 3848 1934 2400 2705 4553 4347 3885 4448 1735 4226 1442 1168 1436 784 1780 4614 88 1464 2562 2022 2350 3982 3660 3502 4330 2765 4246 1126 339 65 3344 4509 825 428 1596 4444 1116 3315 565 3989 2149 4369 3615 4494 239 4510 877 1185 117 268 3931 3521 1064 2230 2115 1052 2794 4382 2669 880 4560 2746 3973 4050 2443 4329 680 1178 1256 1352 2424 3489 3228 742 1311 2659 1799 2492 2591 2849 2245 454 904 782 1998 1339 519 3317 2929 3328 3127 191 624 2856 2884 4398 865 2105 3239 982 4066 4583 4357 1727 875 447 344 1778 3915 3071 2412 1528 3925 2199 2065 2532 3954 2398 947 1380 2212 3719 4127 314 4212 517 2433 1161 3230 2635 3351 1923 3125 470 2713 1353 2228 260 3737 4580 1 4010 1602 665 632 1377 2530 240 2002 2841 2482 3293 2044 2352 4396 2902 1840 3106 1990 3347 440 3419 389 893 1857 1006 1603 129 3029 4200 1886 464 3138 472 3750 3264 4491 234 3298 91 896 1592 4048 4230 3751 3927 1338 2191 3082 1330 1235 3704 861 2633 809 2205 2597 61 3162 4284 3269 689 1493 4307 2933 2216 1231 1424 1869 3754 4331 1362 4149 2506 989 1101 1033 154 2229 2776 2879 4415 2565 4087 1676 1024 3294 3513 3566 179 48 3883 3510 2491 207 1267 2881 3078 1565 1043 761 1363 4427 4101 4341 1184 1894 871 1077 4121 1533 2627 785 3174 116 1002 3098 3570 3311 803 662 3149 879 1395 4068 3921 76 3515 3108 2168 4472 3173 394 3683 2961 3008 119 4496 2785 3975 2601 4252 4163 3097 4469 1068 3113 2361 2855 3445 3446 2847 1549 488 4273 2978 2998 2629 1320 4237 2555 3235 1833 2248 2909 3666 100 4533 4569 721 1260 1599 4177 2784 2693 2715 703 16 1481 271 2877 4505 2139 53 572 523 2111 4613 1289 985 3084 3325 319 2977 3654 2101 3135 2584 276 3382 3075 769 304 1083 2969 3935 112 3976 2266 3099 1796 2020 3003 4399 3866 156 146 705 2255 94 3702 4122 2985 693 3561 2728 532 325 3126 4262 537 702 1369 758 3832 2250 2488 1262 3386 1639 4479 1762 3182 3611 2757 4128 882 2661 3953 1324 4022 1671 4441 2097 4575 2447 1619 1396 2378 4445 3153 4248 1858 59 4020 1222 1756 1957 3190 541 3742 419 1285 2813 148 2196 3512 3431 2042 3346 501 4120 1045 3842 922 1278 2158 1316 2697 2995 3470 3091 3628 4150 1462 2910 2371 573 2598 4148 1211 4530 250 4152 2578 853 838 2144 2077 2683 3491 2505 3426 1128 1752 2631 4034 3192 4232 2778 3534 3642 2610 858 312 3058 2538 623 4074 2514 1696 2703 2825 4576 3169 1685 4500 3454 4375 4234 1397 3564 2984 1613 2652 2962 2179 3889 362 4093 1051 1927 3223 3160 96 1987 3357 2525 3400 54 483 3763 630 3305 3090 4564 1781 1008 1416 2861 4624 3161 224 4568 2342 429 3716 698 970 2772 1632 3550 352 3619 3050 2574 3348 2801 1318 1333 570 2098 2923 466 4218 2991 3547 4574 4164 3128 3423 653 2742 2696 1782 2206 1410 2806 1204 4362 1550 3380 1514 3296 2472 4600 2719 1014 315 3636 3208 3476 2180 2748 36 3094 2718 2280 3480 3983 3272 2426 388 37 1921 2567 364 3777 203 1730 1437 2374 2549 585 601 584 1798 1786 2906 2249 2122 2904 826 2554 416 863 3036 1158 1196 3141 1866 1898 118 378 1543 4187 3823 1477 4558 3137 1061 883 1553 3890 2707 3526 2224 236 1413 4298 4593 4421 1915 4285 2465 2736 3019 4025 3196 165 135 3535 1614 3560 275 2259 3434 3729 1141 1876 2930 1088 1855 3378 3617 4191 3558 1736 4221 3007 237 3332 134 2256 2815 301 2322 3556 2420 4133 2867 4589 2802 3634 3538 2894 4306 4608 3849 3782 1769 3262 1540 4208 3081 1388 4278 2258 204 2965 4450 4606 2837 1803 473 676 1193 2767 4617 380 4430 1741 393 26 634 1691 125 399 4086 1283 4057 1040 1234 3694 3735 3894 4512 2469 2534 556 3473 934 3450 1686 2362 3728 3263 3001 2018 1722 1321 619 2011 4372 4046 3598 3338 3251 2650 3025 4566 2100 1983 3852 1004 998 987 4019 2507 846 854 4401 3336 2025 2501 3762 2416 4565 2444 1490 1937 4269 1818 802 4447 2976 4219 402 3102 4033 1374 2502 2108 1645 3578 1557 3997 4146 4385 4192 2457 2818 2232 1252 4419 4395 3468 1693 2355 1896 2952 3774 4180 3738 2655 3474 1598 3637 446 2436 1940 4378 1936 107 3236 1690 2372 606 2257 1010 1390 2016 4138 1823 2090 3295 1637 1082 4178 1789 3810 3023 1152 3258 120 3690 3371 147 3875 2439 186 1615 1975 886 3341 1663 2756 255 1284 2706 2702 1785 70 3492 277 337 1862 1107 11 3591 1995 1354 1370 1842 1358 4281 3318 4275 3072 3462 996 932 1932 681 3418 311 381 4544 2379 242 97 1822 1930 3911 247 3299 773 2227 1960 1713 780 1291 1476 1307 2970 3225 3970 1759 3433 2166 3792 1611 2449 3291 2343 2946 2326 938 1269 924 2043 174 648 2773 1046 1108 373 2454 4051 3360 4244 1578 3906 3898 3641 1843 2918 3846 2922 2645 3992 2585 2058 214 3004 997 3717 2176 3647 918 4361 833 1821 4055 3316 3612 2777 4056 4037 4619 1754 2489 1748 1384 4159 1438 1900 946 4195 323 2307 4111 2941 4 1681 596 426 1457 4559 1273 1684 965 2896 3411 2953 4261 2222 1706 549 2269 4567 1575 302 1076 3586 1434 459 3656 528 4527 1516 3720 4529 4031 2300 589 1633 3784 3860 1132 3187 1992 3026 4070 2677 3369 1844 2974 4453 1106 4555 3639 579 4301 1569 2603 4295 3494 4282 2411 3283 4130 60 1411 310 3506 279 1961 2060 2511 4161 995 3562 3627 1298 348 4573 737 999 3005 2533 3361 743 2681 138 2571 2092 923 3303 257 1386 3929 2509 157 4305 2154 4440 1195 1367 2583 4143 2852 971 2786 1295 2810 4392 4562 4233 2056 4085 954 3312 2516 430 2396 3130 4137 1707 1253 4394 578 4410 963 2103 4487 2611 1546 3618 2051 1688 1350 3320 329 2917 2727 2083 490 2751 786 791 3158 2820 4458 3310 3010 2949 23 3752 3749 827 1933 145 2599 1525 4310 1682 306 1013 1793 143 2625 2192 1510 1356 375 3977 642 4461 4263 832 640 123 3622 4265 228 3323 1228 2812 1702 1449 3895 3640 4503 3804 4328 2899 3577 807 205 3118 2901 4060 1239 111 2053 4477 1755 3393 1007 449 2155 691 2517 2207 1683 2792 2593 2193 2761 3567 3429 2367 2944 3760 3845 3844 2907 1605 1202 778 3460 651 686 1238 2381 3268 4635 3342 2709 3355 3781 2036 2942 1880 4451 1294 2211 1744 4466 1465 2013 1463 2110 2733 536 916 1282 3797 462 1176 2148 3376 2107 361 1406 1820 527 3548 1865 2349 2446 1420 4058 1889 2497 2744 3806 1652 1895 266 817 436 3184 1520 2945 1157 232 160 391 222 114 1036 46 841 2087 206 1124 3943 2914 2188 4024 3159 2579 411 452 281 621 1609 1254 603 133 4007 929 2403 1169 1905 3920 43 3635 4443 2863 3198 4376 4367 3568 521 2200 3909 3374 3077 797 1027 1836 437 4156 1387 1115 2226 1531 4316 1454 1249 3585 2003 1001 241 3682 2130 2359 4356 857 1554 4047 544 487 101 4418 800 4519 3831 1415 4352 2485 3536 2519 2676 4511 805 1766 957 1093 451 4404 2404 2721 3946 4153 1873 3087 33 1718 4470 2641 2695 2364 1423 3783 2007 3869 2347 1519 1047 3711 4373 2262 504 3212 2843 836 482 3514 4480 3753 2463 1908 2605 659 2330 2927 2828 4169 3145 2537 358 4552 3103 3443 1729 326 2453 3855 1173 1634 89 1099 2030 3114 469 3709 811 1357 3421 734 3838 1331 901 2639 4584 2344 2928 1445 2947 1680 49 4405 2714 4633 3416 4523 1996 4075 1838 354 3770 3430 4504 2994 3427 1201 2566 1497 2771 2240 2006 2309 2983 2687 3290 1576 2032 3718 492 3827 1170 531 1753 4429 643 1069 806 751 3183 1110 2647 1657 695 1692 2171 3517 1131 3286 2174 219 4168 1931 972 3713 2161 1501 2102 4109 404 3095 837 1066 4436 2807 3270 4081 3900 4368 3908 484 4114 1293 799 4097 539 410 62 2265 3442 4602 1351 607 3049 1034 3414 3986 745 2692 2558 1817 2210 3181 2236 2780 839 2128 1985 887 798 1715 4198 3388 818 4035 2935 788 2254 2640 524 2000 87 170 371 4211 3129 1023 1590 1760 2971 3941 1383 3469 4061 3220 935 2399 4637 2271 1568 951 3759 1200 1277 4386 3902 559 4011 4454 303 4320 613 1111 4272 604 1617 273 3409 2648 289 3689 3229 4123 3221 3821 627 425 2580 4247 3379 2651 649 1032 1662 2636 476 1978 341 4353 313 2799 1192 3520 2123 505 1153 4338 3607 4041 1448 2745 1394 408 4099 1721 169 4342 4145 4174 4592 561 2808 431 2201 1447 2041 500 2243 211 4188 167 2178 3006 3766 3865 1655 3234 4314 4102 580 2413 47 183 2281 2134 3278 1991 1123 3589 1341 2277 369 514 3540 1761 2014 455 15 400 4227 3453 4271 4485 3563 478 3668 2752 6 2972 3884 2730 3189 4021 4327 890 44 4630 1336 2079 960 4424 582 1197 3280 2295 351 3033 1145 1135 1623 4201 3990 1272 3068 618 2048 4340 3322 1323 808 1189 2898 4520 3439 2365 831 2438 1582 41 4171 1948 1709 1964 497 2831 4467 297 4052 29 2333 1839 3455 595 3288 1443 293 3715 2159 3604 3791 2278 2570 3610 227 73 413 3657 3274 4452 583 944 633 2805 512 2075 2665 787 4406 1874 4387 1804 3962 823 533 2096 259 699 3053 2380 1981 2084 1186 4242 3412 638 2468 1130 3939 4366 2606 95 834 1541 4422 4280 499 1918 3730 3732 1875 2237 955 3277 2540 4144 3703 3281 2662 3337 4077 2710 2189 4476 710 1765 1939 4536 749 3817 1811 4354 4322 2845 4119 1848 264 4622 2099 1412 3043 801 1467 2466 1483 968 3826 2373 230 3011 2448 1335 3879 1805 1643 3658 1956 2242 2244 3475 2529 2339 2104 540 2656 4184 3930 2594 708 674 2346 2993 1726 28 1506 18 1703 1747 2129 3916 626 3910 2283 3768 444 2407 3531 3466 2814 930 1215 1505 1522 3124 2741 395 442 4517 4104 3133 4115 1164 891 294 3966 1084 3795 4064 4495 3799 2345 196 1432 1229 178 3389 3463 2547 3830 3368 756 2474 1213 1271 3987 3062 4289 4324 2704 261 3064 4106 3057 3417 1053 3731 1479 2260 254 320 1856 1071 2357 4069 3185 2186 1309 2678 654 2340 1853 3679 766 3655 2880 1648 1044 1482 520 225 3592 3217 2830 2109 1573 1806 2626 3059 38 4095 1133 3541 2588 746 2885 3814 4438 2612 813 1909 2630 730 3812 299 1440 2769 4005 495 609 2996 1426 405 1988 3808 920 2755 3207 229 2285 1092 1120 3349 712 4088 3070 2931 2870 3422 4625 22 1697 1542 1757 4040 1119 4377 1797 4557 2299 3940 4079 1800 3345 4266 2634 4411 4170 3259 1079 2421 789 906 3215 4323 3044 284 3932 3661 4388 1779 3789 443 4532 1375 608 1884 3746 4012 1974 1345 3794 3504 2181 945 3508 974 4038 1179 3204 508 3074 139 4561 3406 1814 397 90 1143 2577 3496 1470 4160 652 755 3034 3743 4507 3100 1248 418 4132 1025 479 715 688 1882 617 110 2393 4498 406 677 4534 4216 176 159 3037 2604 2550 4535 3035 1334 1218 356 2568 2219 3134 338 3031 72 1259 980 55 307 3805 926 3339 4023 2653 4514 551 1668 298 1794 2865 3266 3401 2430 2040 233 2140 168 4397 2068 4186 759 1521 3109 2835 4185 1733 3253 614 3594 363 1166 2126 2637 4621 2261 3249 4113 2654 3950 1058 941 4129 1150 1232 2510 2440 3477 3493 2471 3030 3117 3056 4270 2310 2753 262 383 3819 4355 3685 3530 2844 1439 3040 3951 888 1261 4189 1026 1450 2500 842 4286 1555 1090 1849 2646 486 4383 2292 3505 1712 1458 1954 828 3366 4179 2389 1332 3614 3880 3872 1871 2747 3390 3859 3195 2660 868 3139 530 925 2021 1117 3503 3165 2282 1958 1279 420 2816 2743 1305 3172 1591 701 1359 1480 3042 2473 3197 3516 3632 1263 3176 1904 2614 3919 2137 3684 3 3818 4015 4199 489 2900 1138 3420 4468 2840 750 647 3021 4067 2673 3143 244 3785 4276 235 2980 2539 1646 870 2834 286 513 3175 3850 3282 872 1717 3579 2740 1993 4223 1469 2015 208 248 3247 1890 77 1667 3179 1935 2979 2613 942 2897 2005 2938 884 4591 1606 762 2073 3837 423 502 2903 892 4488 4091 4209 385 1906 1389 4348 1650 2089 1194 592 562 4126 3244 4196 137 1372 172 3670 3392 2893 2145 690 2724 3241 494 983 1113 2690 911 1911 335 1162 1970 765 4190 1511 2783 4303 3793 2608 844 1746 560 1517 602 4326 3383 1031 812 2688 346 4389 2136 2557 718 379 2689 1661 685 1299 2560 4337 349 2287 1373 4349 334 1016 151 2787 3440 4236 105 417 1907 2286 3381 3757 733 2619 2423 2951 950 108 1914 1920 1850 3276 2325 2836 4428 1777 71 753 4140 569 2912 2642 3734 2150 2460 1861 2789 1028 1142 24 4632 2496 1304 779 3813 3769 3022 3231 1136 2987 3500 1313 2548 366 1065 4084 3988 3936 3214 3048 522 1813 453 1070 3588 283 1297 2484 2729 1281 2685 1473 4096 292 3533 256 1513 4147 1864 3595 4435 3451 126 2795 4607 4249 3546 4572 2596 3991 3834 2456 3772 2569 1074 764 3495 263 4475 201 171 3199 538 480 511 1834 3858 679 2573 1180 180 3452 1428 372 644 3756 1243 726 3219 2170 193 2592 958 4003 2291 3571 856 1286 2643 3573 3798 85 1640 1508 4082 1675 3146 4309 2167 849 1379 2052 2305 1829 2513 820 4100 4513 3254 189 3696 4459 1147 2821 1050 1402 3686 4543 3435 3524 4604 668 3273 3559 2607 1364 1559 3581 2147 2531 3843 3497 3327 3829 1719 3060 2114 4045 4131 697 1048 553 3364 847 2911 3942 1057 1651 2874 1587 2779 1062 1841 1604 1899 2267 969 2055 557 2556 2615 3242 4502 3201 2080 852 4540 2698 2857 2078 2029 187 2164 1376 1303 1163 4391 2552 1220 2125 1999 238 1538 772 2708 2732 99 4521 4628 3601 543 2074 1669 3486 937 4384 2905 2162 503 2481 81 269 994 933 2183 3938 3543 1495 4172 3458 4321 1551 986 2963 4078 2172 3582 218 4000 2390 3123 3399 3896 1620 2251 2632 3200 1771 2086 3408 2716 4243 3736 3206 3301 2788 1104 3964 1845 3886 4110 3356 1125 342 1734 209 1081 1791 3487 1919 3180 824 4408 296 78 3529 3600 2498 4294 4596 1647 2428 552 2864 1672 1114 136 4350 855 3922 4609 2173 3904 1421 3226 3863 2304 3410 2758 2462 1670 1788 2119 2321 4072 3395 4594 2038 2616 3246 3157 2387 3580 1156 1607 4167 3478 902 1595 711 2332 1556 4595 3584 819 1564 2331 2076 1626 3741 723 4089 2964 657 1945 1714 226 1968 333 1296 2194 4260 4636 198 3572 1867 952 3824 2045 1618 1583 2586 1067 332 1030 2796 1500 1399 14 4335 377 2726 4259 2121 131 3481 4062 4518 2817 1165 4311 3959 3868 2301 1343 506 4165 1019 2770 1146 4473 1018 336 564 4336 953 1063 216 1250 518 1763 1381 3479 347 2759 2289 359 2070 1472 2590 173 3674 1206 2377 3707 3367 434 1199 4092 4255 1056 3888 1586 1901 1055 1897 3779 1724 1972 4542 3528 724 3659 3079 2246 2738 1094 439 3933 2063 843 2039 3358 2934 1049 42 3209 2486 202 1122 1325 2023 64 752 1029 3017 2085 1545 450 4026 1214 1314 4318 1847 2401 485 1171 2587 2948 4465 2859 2981 732 781 3148 491 741 3893 672 2850 1365 1561 50 4039 1037 2561 1859 1656 2800 3045 3926 2889 3405 4014 1532 2151 1103 2891 731 1982 1280 4531 2386 1312 1340 3222 754 4481 3569 2520 1219 3116 3605 1826 1489 3086 3608 3403 3545 3232 3448 3899 3993 2672 3956 905 3748 1660 3809 2997 2067 1302 2671 3267 2798 3653 45 1951 1624 2682 1872 4474 4598 507 2175 3537 4290 992 2617 615 4027 3359 2253 1452 542 2936 1112 1928 2638 600 2888 52 40 1969 1622 3671 2609 1710 4029 2031 2314 4245 1097 4442 3822 3994 1502 3677 4268 4224 1863 2221 4482 194 4526 2623 2303 815 3839 3016 4629 161 770 1210 2415 2973 1242 396 1317 1287 2711 2057 4626 889 966 1264 3593 1810 2302 967 792 3851 4627 767 1572 4300 141 2327 4413 739 2088 927 1772 3597 4054 3018 4358 988 1679 288 1544 79 2790 2782 4018 3996 2664 4220 2328 32 3000 2290 4116 2225 1638 4578 93 1750 3167 3136 2133 599 3874 31 2156 1275 1208 1963 4610 1499 1802 1630 3285 1459 881 4456 1944 683 1503 3404 4181 2272 2503 2370 635 2766 164 3257 1997 631 2252 545 2967 2595 1597 305 2960 1155 646 414 851 3963 4599 2522 4288 2434 2476 610 2215 1268 860 2479 673 2763 3965 550 3867 4277 3428 3861 2204 3284 149 3745 895 4297 2081 1456 1073 771 223 700 3166 2526 1371 3365 2988 4554 3210 2037 777 616 3041 2408 376 3069 1274 102 3998 3758 3771 4638 3934 1003 415 2754 10 3644 554 3309 1378 1740 2208 3907 973 2218 3961 4590 3649 2177 2402 1444 58 4002 1570 4579 3402 3539 3955 4577 899 493 3211 2890 4471 3178 3163 725 4136 3191 3780 2383 1154 3833 74 991 4516 2624 3876 1601 4213 1885 3522 2017 4053 2691 576 2862 1172 3733 3432 433 2564 4537 1860 821 3891 2658 3948 2392 3202 4365 3599 2047 3132 1783 2418 4157 2480 4515 3407 1665 1701 660 4173 3324 441 757 2091 3362 1446 3892 1917 1337 1485 1407 1187 2675 727 1181 3864 1883 1240 2768 1947 2316 663 547 3609 3343 1167 1562 878 3590 4098 1949 3314 714 412 1223 280 3949 1209 4292 1247 3498 4547 768 4267 3119 3398 2376 3047 4550 2622 605 1086 4193 1965 1832 3054 2882 265 1588 4090 915 919 3629 1913 3776 1276 4460 810 1743 1527 3306 5 3083 3164 2311 1654 859 291 2858 1830 876 4222 1910 4423 4228 2543 4403 481 4151 3227 4176 1344 4490 3080 4059 1723 330 2932 2427 2046 4291 2600 75 251 2875 829 2464 2699 1704 3828 2504 2312 4312 3449 3373 1812 3073 2106 4605 2209 1725 2950 1217 840 577 2405 1577 931 1612 4258 4239 1258 3525 4264 2334 4585 1091 4616 4155 1290 4080 1695 3761 210 3553 2781 3205 717 3555 1251 3646 1868 3120 1600 656 4539 1385 3691 3667 2739 3224 2198 956 591 2839 3557 2358 1109 19 1236 3350 598 3765 324 3441 424 2576 4112 4506 2336 1382 3092 39 2620 658 2138 2001 1579 4197 407 1188 184 1994 132 3459 475 1537 322 190 2954 3706 1566 3121 1925 3767 1212 2694 1831 3261 1182 2955 3171 2184 4402 253 390 2809 625 2270 1635 3802 158 2375 1085 3300 2618 2975 3840 471 4433 2528 1041 4319 3218 2544 1216 1105 735 1348 1494 278 1571 1887 2551 3457 1518 2116 4499 343 2545 3968 3289 4374 908 2169 555 3248 80 1720 4254 2483 1190 3945 1767 3471 3240 67 3142 4434 3168 3873 3787 1349 2872 1308 142 3724 3565 2515 2033 3425 3712 3947 835 2712 921 1288 3110 140 914 2247 3693 1705 1737 897 2725 636 109 3903 1400 4332 1221 1409 738 2803 1468 3714 4256 4379 1009 1096 2315 1405 1346 3643 1664 4214 130 2873 3960 3213 4302 1959 3952 4073 98 290 1973 1878 2536 1749 940 4483 1078 783 2455 243 4204 3107 1038 3319 796 2737 3177 2908 4525 4279 1828 3415 2112 2461 1022 2320 4071 217 1417 2445 2442 3912 185 2546 4013 2860 360 3648 1451 2940 2854 1159 2475 153 195 1711 2233 2284 2793 3330 2589 1433 124 1816 84 231 3901 2441 2308 3554 1392 2117 1775 3663 2926 2477 9 4217 3576 1926 1512 1509 3917 350 3085 4631 295 4240 4287 2470 1430 86 3708 3467 3549 2524 1149 4508 1524 993 682 1270 465 4431 650 1478 2868 866 2010 3957 1326 3918 1870 468 3596 3472 3871 3370 2297 4489 4304 3334 4478 575 4363 2797 177 2478 3978 4364 3727 2054 3112 456 845 8 2141 2220 2095 1361 566 4225 4083 409 1474 1593 3881 1589 2120 4231 1851 984 2527 4008 1504 1807 516 3878 2335 2293 1230 1060 4360 2958 594 2542 3461 4582 814 4183 2490 2878 3170 3725 1916 1425 2925 1129 641 3396 1732 716 1455 4118 1484 1678 340 2064 4571 2354 1966 1846 1160 1574 4253 1487 1403 3384 4094 3188 2760 1035 2026 4463 3687 1535 4634 2268 66 2523 2871 27 2319 1431 2775 3755 2360 1391 4001 684 1567 245 4426 586 355 3620 199 3519 959 4492 4541 3352 1808 316 1708 1174 2273 3111 252 367 2143 2553 948 374 1893 3726 3969 964 2142 1233 4380 4381 3203 1072 12 3088 1435 2674 3979 1745 474 3032 3151 2317 645 1498 2217 961 669 612 1658 1642 3626 4407 694 1558 3424 1226 979 3697 3722 571 655 1953 370 152 3055 1237 1728 1366 1360 1536 212 3438 1225 2072 620 1310 4207 197 3705 4412 4117 2202 458 4417 2657 2435 2990 2735 3186 1742 3271 4009 4497 568 3623 678 3887 1140 4125 1475 4618 1488 3464 4257 3980 4141 4620 3307 3499 3413 667 3944 1627 4455 2853 2824 3465 3924 498 2024 587 4501 593 2920 2113 3672 4044 2495 300 4210 3532 1628 1952 1942 3995 4313 25 3216 3527 1764 1203 2027 432 2203 1301 4548 2152 35 1560 382 748 1552 704 4154 1731 4175 3385 2968 3154 894 2842 3012 2883 978 1790 3523 2459 3971 3375 850 3488 104 1342 1792 1021 3321 910 2999 1534 3695 103 3456 4371 4317 3252 3377 2190 2214 3613 421 2895 2384 2602 2833 3238 4390 962 874 1017 1967 4439 435 1523 3484 3811 1980 1515 2913 1929 558 2989 1548 3688 1784 3664 258 4538 4229 2731 2451 869 3575 2959 3024 215 2012 3788 2762 1039 368 4103 2197 3051 445 2432 675 3063 1453 457 3882 2956 4274 2165 1621 3544 2966 1246 1677 1492 1584 2417 2163 1801 3606 909 3015 3638 3877 2353 2827 3625 2851 2582 2886 2822 2559 1891 4414 3928 2535 2541 1946 422 2341 2832 2274 692 2066 1649 3096 1471 2429 1644 2369 2848 848 2323 2921 1819 3372 1563 2318 3999 622 2223 3304 4462 1608 82 1616 3093 3061 3194 1976)

function print_run_dir {
    local RUN_ID=${SHUFFLED_TASK_IDS[$1 - 1]}
    let "LOWER=((RUN_ID - 1) / 100) * 100 + 1"
    let "UPPER=((RUN_ID + 100 - 1) / 100) * 100"
    printf "runs-%05d-%05d/%05d" $LOWER $UPPER $RUN_ID
}

RUN_DIR=$(print_run_dir $SLURM_ARRAY_TASK_ID)

cd "../bachelor-v1/$RUN_DIR"

(
"/infai/weidan00/downward/experiments/bachelor/.venv/bin/python3" run
RETCODE=$?
if [[ $RETCODE != 0 ]]; then
    >&2 echo "The run script finished with exit code $RETCODE"
fi
) > driver.log 2> driver.err

# Delete empty driver files.
if [[ ! -s driver.log ]]; then
    rm driver.log
fi
if [[ ! -s driver.err ]]; then
    rm driver.err
fi
